version https://git-lfs.github.com/spec/v1
oid sha256:a96dffa20381d24ad7e0d5721e23eebff5c4939ed45ead958fa347259c6db9bc
size 216724
