version https://git-lfs.github.com/spec/v1
oid sha256:ea792d7b1cccacba78e97e944f08967f99f37ef6df7bad3cf7af40cc7c37e4b9
size 217030
