version https://git-lfs.github.com/spec/v1
oid sha256:c020f0120eaae9730a16b2bb46a79a508fd5d56aa76a2bc4e05f3c2af87f0c0a
size 219953
