version https://git-lfs.github.com/spec/v1
oid sha256:a6de6e275db7d2c4d6b4450e8af7cde2070f6949259deca2f5c8e2e8cb9f11cc
size 214292
